#created by Player
#main
49036338
23401839
23401839
23401839
95492061
95492061
95492061
90307777
90307777
38814750
38814750
38814750
88240999
52068432
25857246
25857246
25857246
26674724
26674724
26674724
89463537
89463537
89463537
99185129
99185129
99185129
14532163
14532163
14532163
32807846
49238328
49238328
49238328
96729612
96729612
96729612
14735698
14735698
51124303
51124303
97211663
97211663
#extra
23995346
90050480
12652643
74586817
79606837
79606837
56832966
17016362
84013238
46772449
581014
21044178
49202162
87054946
50277355
!side
15661378
79606837
55285840
62517849
94770493